xmark600_xm3.org_disk_20171206_225633.txt	total	   76327	   63125	   64234	   62882	   63052
xmark600_xm3.org_mem_20171206_220209.txt	total	   67605	   63730	   63522	   63403	   63012
xmark600_xm4.org_disk_20171206_230203.txt	total	  372147	  101559	  101560	  101400	  101520
xmark600_xm4.org_mem_20171206_221155.txt	total	  372812	  101661	  100981	  100757	  100626
xmark600_xm5.org_disk_20171206_231502.txt	total	  105367	   74973	   74972	   74665	   74777
xmark600_xm5.org_mem_20171206_223430.txt	total	  101563	   75336	   74412	   75560	   74906
xmark600_xm6.org_disk_20171206_232147.txt	total	   82593	   71418	   71256	   71302	   71173
xmark600_xm6.org_mem_20171206_224452.txt	total	   79525	   70369	   70040	   69965	   69905
xmark600_xm1.org_disk_20171207_001210.txt	total	 3183262	 3147026	 3145145	 3099970	 3099364

